spawns: 
  default: 
    world: spawn
    x: -13.415383297453413
    y: 105.0
    z: 82.7334227109954
    yaw: 181.8
    pitch: 1.6499853
