spawns:
  ~ ~ ~:
    world: 6850e8ef-aaff-49ef-af81-37e7f8c5aae0
    world-name: world
    x: -7.7331477247437945
    y: 1.0
    z: 247.28391271582103
    yaw: 0.9000336527824402
    pitch: -1.6499838829040527
  default:
    world: 6a991b57-2e41-4910-8912-f0a11c7e60e2
    world-name: spawn
    x: 79.64191491494303
    y: 105.0
    z: -148.56323105372175
    yaw: -179.68359375
    pitch: 8.045921325683594
