world: world_resources
x: 10.5
y: 71.0
z: 68.5
yaw: 89.39993
pitch: 0.6002111
name: resources
lastowner: 2cbd024d-58dd-3120-beed-4a509bd4fb63
