world: world
x: -95.5
y: 63.0
z: 112.5
yaw: 181.64981
pitch: -3.150019
name: world
lastowner: 2cbd024d-58dd-3120-beed-4a509bd4fb63
